0 0 0 0 0 0 0 0 0 0 0 0 0 0 0 0 0 0 0 0 0 0 0 0 0 0 0 0 0 0 0 0 0 0 0 0 0 0 0 0 0 0 0 0 0 0 0 0 0 0 0 0 0 0 0
0 1 143 143 143 143 143 143 1 1 1 1 1 143 1 1 143 143 143 143 143 143 143 143 143 143 143 143 143 143 143 143 143 143 143 143 143 143 143 143 143 143 143 143 143 143 143 143 143 143 143 143 143 143 142
0 3 143 143 143 143 143 143 2 2 2 2 2 143 2 4 143 143 143 143 143 143 143 143 143 143 143 143 143 143 143 143 143 143 143 143 143 143 143 143 143 143 143 143 143 143 143 143 143 143 143 143 143 143 143
0 5 143 143 143 143 143 143 142 142 142 142 142 143 142 142 143 143 143 143 143 143 143 143 143 143 143 143 143 143 143 143 143 143 143 143 143 143 143 143 143 143 143 143 143 143 143 143 143 143 143 143 143 143 143
0 6 143 143 143 143 143 143 143 143 143 143 143 143 143 143 142 143 143 143 143 143 143 143 143 143 143 143 143 143 143 143 143 143 143 143 143 143 143 143 143 143 143 143 143 143 143 143 143 143 143 143 143 143 143
0 143 143 143 142 143 143 143 7 7 7 7 7 143 143 143 143 143 143 143 143 143 143 143 143 143 143 143 143 143 143 143 143 143 143 143 143 143 143 143 143 143 143 143 143 143 143 143 143 143 143 143 143 143 143
0 143 143 143 9 143 143 8 143 143 143 143 143 143 143 143 143 143 143 143 143 143 143 143 143 143 143 143 143 143 143 143 143 143 143 143 143 143 143 143 143 143 143 143 143 143 143 143 143 143 143 143 143 143 143
0 143 143 143 142 143 143 143 10 10 10 10 10 143 143 143 143 143 143 143 143 143 143 143 143 143 143 143 143 143 143 143 143 143 143 143 143 143 143 143 143 143 143 143 143 143 143 143 143 143 143 143 143 143 143
0 143 143 143 12 143 143 11 143 143 143 143 143 143 143 143 143 143 143 143 143 143 143 143 143 143 143 143 143 143 143 143 143 143 143 143 143 143 143 143 143 143 143 143 143 143 143 143 143 143 143 143 143 143 143
0 143 143 143 142 143 142 142 13 14 15 16 17 143 143 143 143 143 143 143 143 143 143 143 143 143 143 143 143 143 143 143 143 143 143 143 143 143 143 143 143 143 143 143 143 143 143 143 143 143 143 143 143 143 143
0 142 143 143 143 143 143 143 18 18 18 18 18 143 19 142 143 143 143 143 143 143 143 143 143 143 143 143 143 143 143 143 143 143 143 143 143 143 143 143 143 143 143 143 143 143 143 143 143 143 143 143 143 143 143
0 143 143 143 142 143 20 143 143 143 143 143 143 142 143 143 143 143 143 143 143 143 143 143 143 143 143 143 143 143 143 143 143 143 143 143 143 143 143 143 143 143 143 143 143 143 143 143 143 143 143 143 143 143 143
0 143 143 21 22 143 143 22 143 143 143 143 143 22 143 143 143 143 143 143 143 143 143 143 143 143 143 143 143 143 143 143 143 143 143 143 143 143 143 143 143 143 143 143 143 143 143 143 143 143 143 143 143 143 143
0 143 143 143 24 143 143 23 143 143 143 143 143 24 143 143 143 143 143 143 143 143 143 143 143 143 143 143 143 143 143 143 143 143 143 143 143 143 143 143 143 143 143 143 143 143 143 143 143 143 143 143 143 143 143
0 143 143 25 142 143 143 142 143 143 143 143 143 142 143 143 143 143 143 143 143 143 143 143 143 143 143 143 143 143 143 143 143 143 143 143 143 143 143 143 143 143 143 143 143 143 143 143 143 143 143 143 143 143 143
0 143 143 143 27 143 143 26 143 143 143 143 143 143 143 143 143 143 143 143 143 143 143 143 143 143 143 143 143 143 143 143 143 143 143 143 143 143 143 143 143 143 143 143 143 143 143 143 143 143 143 143 143 143 143
0 143 143 28 143 143 142 143 143 143 143 143 143 143 143 143 143 143 143 143 143 143 143 143 143 143 143 143 143 143 143 143 143 143 143 143 143 143 143 143 143 143 143 143 143 143 143 143 143 143 143 143 143 143 143
0 143 143 143 143 143 143 143 143 143 143 143 143 143 143 29 143 143 143 143 143 143 143 143 143 143 143 143 143 143 143 143 143 143 143 143 143 143 143 143 143 143 143 143 143 143 143 143 143 143 143 143 143 143 142
0 142 143 143 143 143 143 143 142 142 142 142 142 143 142 142 30 143 143 143 143 143 143 143 143 143 143 143 143 143 143 143 143 143 143 143 143 143 143 143 143 143 143 143 143 143 143 143 143 143 143 143 143 143 142
0 143 37 32 143 143 32 143 31 31 31 31 31 143 31 143 143 38 143 143 143 143 143 143 143 143 143 143 143 143 143 143 143 143 143 33 143 33 143 34 143 35 35 35 36 36 143 143 143 143 143 143 143 143 143
0 143 142 142 143 143 142 143 39 39 39 39 39 143 40 143 143 142 143 143 143 143 143 143 143 143 143 143 143 143 143 143 143 143 143 142 143 142 143 142 143 142 142 142 142 142 143 143 143 143 143 143 143 143 143
0 143 142 42 143 143 41 143 142 142 142 142 142 143 142 143 143 142 143 143 143 143 143 143 143 143 143 143 143 143 143 143 143 143 143 142 143 142 143 142 143 142 142 142 142 142 143 143 143 143 143 143 143 143 143
0 143 142 142 143 143 43 143 142 142 142 142 142 143 142 143 143 142 143 143 143 143 143 143 143 143 143 143 143 143 143 143 143 143 143 142 143 142 143 142 143 142 142 142 142 142 143 143 143 143 143 143 143 143 143
0 143 46 45 143 143 45 143 143 143 143 143 143 142 143 143 143 143 143 47 48 143 45 45 45 45 45 44 143 143 143 143 143 143 143 143 143 143 143 143 143 143 143 143 143 143 143 143 143 143 143 143 143 143 143
0 143 142 49 143 143 142 143 142 142 142 142 142 143 142 143 143 142 143 143 143 143 143 143 143 143 143 143 143 143 143 143 143 143 143 142 143 142 143 142 143 142 142 142 142 142 143 143 143 143 143 143 143 143 143
0 143 50 143 143 143 143 143 143 143 143 143 143 142 143 143 143 143 143 51 143 143 143 143 143 143 143 143 143 143 143 143 143 143 143 143 143 143 143 143 143 143 143 143 143 143 143 143 143 143 143 143 143 143 143
0 143 143 143 143 143 143 143 143 143 143 143 143 142 143 143 143 143 143 143 52 143 143 143 143 143 143 143 143 143 143 143 143 143 143 143 143 143 143 143 143 143 143 143 143 143 143 143 143 143 143 143 143 143 143
0 143 143 143 143 143 143 143 143 143 143 143 143 143 143 143 143 143 143 142 143 143 53 54 55 56 57 143 143 143 143 143 143 143 143 143 143 143 143 143 143 143 143 143 143 143 143 143 143 143 143 143 143 143 143
0 143 143 143 143 143 143 58 143 143 143 143 143 143 143 143 143 143 143 59 143 143 143 143 143 143 143 143 143 143 143 143 143 143 143 143 143 143 143 143 143 143 143 143 143 143 143 143 143 143 143 143 143 143 143
0 143 143 143 143 143 143 143 143 143 143 143 143 143 143 143 143 143 143 143 143 142 60 61 62 64 63 143 143 143 143 143 143 143 143 143 143 143 143 143 143 143 143 143 143 143 143 143 143 143 143 143 143 143 143
0 143 143 143 143 143 143 143 143 143 143 143 143 143 143 143 143 143 143 143 143 142 65 143 143 143 143 143 143 143 143 143 143 143 143 143 143 143 143 143 143 143 143 143 143 143 143 143 143 143 143 143 143 143 143
0 143 143 143 143 143 143 66 143 143 143 143 143 143 143 143 143 143 143 143 143 67 143 143 143 143 143 143 143 143 143 143 143 143 143 143 143 143 143 143 143 143 143 143 143 143 143 143 143 143 143 143 143 143 143
0 143 143 143 143 143 143 143 143 143 143 143 143 143 143 143 143 143 143 143 143 142 143 68 143 143 143 143 143 143 143 143 143 143 143 143 143 143 143 143 143 143 143 143 143 143 143 143 143 143 143 143 143 143 143
0 143 143 143 143 143 143 69 143 143 143 143 143 143 143 143 143 143 143 143 143 70 143 143 143 143 143 143 143 143 143 143 143 143 143 143 143 143 143 143 143 143 143 143 143 143 143 143 143 143 143 143 143 143 143
0 143 143 143 143 143 143 143 143 143 143 143 143 143 143 143 143 143 143 143 143 142 143 143 71 143 143 143 143 143 143 143 143 143 143 143 143 143 143 143 143 143 143 143 143 143 143 143 143 143 143 143 143 143 143
0 143 143 143 143 143 143 72 143 143 143 143 143 143 143 143 143 143 143 143 143 73 143 143 143 143 143 143 143 143 143 143 143 143 143 143 143 143 143 143 143 143 143 143 143 143 143 143 143 143 143 143 143 143 143
0 143 143 143 143 143 143 143 143 143 143 143 143 143 143 143 143 143 143 143 143 142 143 143 143 143 74 143 143 143 143 143 143 143 143 143 143 143 143 143 143 143 143 143 143 143 143 143 143 143 143 143 143 143 143
0 143 143 143 143 143 143 75 143 143 143 143 143 143 143 143 143 143 143 143 143 76 143 143 143 143 143 143 143 143 143 143 143 143 143 143 143 143 143 143 143 143 143 143 143 143 143 143 143 143 143 143 143 143 143
0 143 143 143 143 143 143 143 143 143 143 143 143 143 143 143 143 143 143 143 143 142 143 143 143 77 143 143 143 143 143 143 143 143 143 143 143 143 143 143 143 143 143 143 143 143 143 143 143 143 143 143 143 143 143
0 143 143 143 143 143 143 78 143 143 143 143 143 143 143 143 143 143 143 143 143 79 143 143 143 143 143 143 143 143 143 143 143 143 143 143 143 143 143 143 143 143 143 143 143 143 143 143 143 143 143 143 143 143 143
0 143 143 143 143 143 143 143 143 143 143 143 143 142 143 143 143 143 143 143 143 143 143 143 143 143 143 80 143 143 143 143 143 143 143 143 143 143 143 143 143 143 143 143 143 143 143 143 143 143 143 143 143 143 143
0 143 143 81 84 143 143 84 143 143 143 143 143 84 143 143 143 143 84 143 82 84 143 143 143 143 143 143 83 84 84 84 84 84 84 143 143 143 143 143 143 143 143 143 143 143 143 143 84 84 84 84 84 84 143
0 143 143 85 142 143 143 142 143 143 143 143 143 142 143 143 143 143 142 143 143 142 143 143 143 143 143 143 143 142 142 142 142 142 142 143 143 143 143 143 143 143 143 143 143 143 143 143 142 142 142 142 142 142 143
0 143 143 143 87 143 143 86 143 143 143 143 143 143 143 143 143 143 143 143 143 143 143 143 143 143 143 143 143 143 143 143 143 143 143 143 143 143 143 143 143 143 143 143 143 143 143 143 143 143 143 143 143 143 143
0 143 143 143 142 143 143 142 143 143 143 143 143 142 143 143 143 143 142 143 88 142 143 143 143 143 143 143 143 142 142 142 142 142 142 143 143 143 143 143 143 143 143 143 143 143 143 143 142 142 142 142 142 142 143
0 143 143 143 142 143 143 142 143 143 143 143 143 142 143 143 143 143 142 143 143 142 143 143 143 143 143 143 89 142 142 142 142 142 142 143 143 143 143 143 143 143 143 143 143 143 143 143 142 142 142 142 142 142 143
0 143 143 90 142 143 90 143 143 143 143 143 143 142 143 143 143 143 143 143 143 143 90 90 90 90 90 143 143 143 143 143 143 143 143 143 143 143 143 143 143 143 143 143 143 143 143 143 143 143 143 143 143 143 143
0 143 143 143 93 143 143 143 143 143 143 143 143 93 143 143 143 143 143 143 143 143 143 143 143 143 143 143 143 91 92 143 143 143 143 143 143 143 143 143 143 143 143 143 143 143 143 143 143 143 143 143 143 143 143
0 143 143 94 142 143 94 143 143 143 143 143 143 142 143 143 143 143 143 143 143 143 94 94 94 94 94 143 143 142 142 143 143 143 143 143 143 143 143 143 143 143 143 143 143 143 143 143 143 143 143 143 143 143 143
0 143 143 143 98 143 143 143 143 143 143 143 143 98 143 143 143 143 143 143 143 143 143 143 143 143 143 143 143 98 98 95 96 97 143 143 143 143 143 143 143 143 143 143 143 143 143 143 143 143 143 143 143 143 143
0 143 143 99 142 143 99 143 143 143 143 143 143 142 143 143 143 143 143 143 143 143 99 99 99 99 99 143 143 142 142 142 142 142 143 143 143 143 143 143 143 143 143 143 143 143 143 143 143 143 143 143 143 143 143
0 143 143 143 101 143 143 143 143 143 143 143 143 101 143 143 143 143 143 143 143 143 143 143 143 143 143 143 143 101 101 101 101 101 100 143 143 143 143 143 143 143 143 143 143 143 143 143 143 143 143 143 143 143 143
0 143 143 103 142 143 102 143 143 143 143 143 143 142 143 143 143 143 143 143 143 143 102 102 102 102 102 143 143 142 142 142 142 142 142 143 143 143 143 143 143 143 143 143 143 143 143 143 143 143 143 143 143 143 143
0 143 142 142 143 143 142 143 142 142 142 142 142 143 142 143 143 142 143 143 143 143 143 143 143 143 143 143 143 143 143 143 143 143 143 104 143 105 143 142 143 142 142 142 142 142 143 143 143 143 143 143 143 143 143
0 143 143 106 142 143 143 143 143 143 143 143 143 143 143 143 143 143 143 143 143 143 143 143 143 143 143 143 143 143 143 143 143 143 143 143 143 143 143 143 143 143 143 143 143 143 143 143 143 143 143 143 143 143 143
0 143 143 107 142 143 108 143 143 143 143 143 143 143 143 143 143 143 143 143 143 143 108 108 108 108 108 143 143 143 143 143 143 143 143 143 143 143 109 143 143 143 143 143 143 143 143 143 143 143 143 143 143 143 143
0 143 143 143 111 143 143 143 143 143 143 143 143 143 143 143 143 143 143 143 143 143 143 143 143 143 143 143 143 143 143 143 143 143 143 143 143 143 143 143 143 143 143 143 143 143 143 143 110 110 110 110 110 110 143
0 143 143 143 142 143 112 142 143 143 143 143 143 142 143 143 143 143 142 143 143 142 113 115 116 117 114 143 143 142 142 142 142 142 142 143 143 143 143 143 143 143 143 143 143 143 143 143 142 142 142 142 142 142 143
0 143 142 142 143 143 142 143 142 142 142 142 142 143 142 143 143 142 143 143 143 143 143 143 143 143 143 143 143 143 143 143 143 143 143 142 143 142 143 118 143 142 142 142 142 142 143 143 143 143 143 143 143 143 143
0 143 120 120 143 143 120 143 120 120 120 120 120 143 120 143 143 120 143 143 143 143 143 143 143 143 143 143 143 143 143 143 143 143 143 120 143 120 143 120 119 120 120 120 120 120 143 143 143 143 143 143 143 143 143
0 143 142 142 143 143 142 143 142 142 142 142 142 143 142 143 143 142 143 143 143 143 143 143 143 143 143 143 143 143 143 143 143 143 143 142 143 142 143 142 143 121 122 123 142 142 143 143 143 143 143 143 143 143 143
0 143 143 143 142 143 124 143 143 143 143 143 143 143 143 143 143 143 143 143 143 143 124 124 124 124 124 143 143 143 143 143 143 143 143 143 143 143 143 143 143 143 143 143 143 143 143 143 143 143 143 143 143 143 143
0 143 143 143 126 143 143 125 143 143 143 143 143 143 143 143 143 143 143 143 143 143 143 143 143 143 143 143 143 143 143 143 143 143 143 143 143 143 143 143 143 143 143 143 143 143 143 143 143 143 143 143 143 143 143
0 143 142 142 143 143 142 143 142 142 142 142 142 143 142 143 143 142 143 143 143 143 143 143 143 143 143 143 143 143 143 143 143 143 143 142 143 142 143 142 143 142 142 142 127 128 143 143 143 143 143 143 143 143 143
0 143 129 143 143 143 143 143 143 143 143 143 143 142 143 143 143 143 143 143 143 143 143 143 143 143 143 143 143 143 143 143 143 143 143 143 143 143 143 143 143 143 143 143 143 143 143 143 143 143 143 143 143 143 143
0 143 143 143 131 143 130 143 143 143 143 143 143 143 143 143 143 143 143 143 143 143 130 130 130 130 130 143 143 143 143 143 143 143 143 143 143 143 143 143 143 143 143 143 143 143 143 143 143 143 143 143 143 143 143
0 143 143 143 133 143 143 132 143 143 143 143 143 143 143 143 143 143 143 143 143 143 143 143 143 143 143 143 143 143 143 143 143 143 143 143 143 143 143 143 143 143 143 143 143 143 143 143 143 143 143 143 143 143 143
0 143 143 142 143 143 143 143 143 143 143 143 143 143 143 143 143 143 143 143 143 143 143 143 143 143 143 143 143 143 143 143 143 143 143 143 143 143 143 143 143 143 143 143 143 143 134 135 143 143 143 143 143 143 143
0 143 143 143 143 143 142 143 143 143 143 143 143 143 143 143 143 143 143 143 143 143 142 142 142 142 142 143 143 143 143 143 143 143 143 143 143 143 143 143 143 143 143 143 143 143 143 143 136 137 138 139 140 141 143